[Command: python -u /Users/lorenzoterenzi/Python_projects/Numerical_methods/main.py]
Incidence matrix E_10 :
 [[-1.  1.  0.  0.  0.  0.]
 [ 0. -1.  1.  0.  0.  0.]
 [ 0.  0. -1.  1.  0.  0.]
 [ 0.  0.  0. -1.  1.  0.]
 [ 0.  0.  0.  0. -1.  1.]]
Matrix M_1 :
 [[ 5.16666667 -0.58868312  0.16422963 -0.06863992  0.03333333]
 [-0.58868312  2.78265536 -0.44528414  0.15269855 -0.06863992]
 [ 0.16422963 -0.44528414  2.36675477 -0.44528414  0.16422963]
 [-0.06863992  0.15269855 -0.44528414  2.78265536 -0.58868312]
 [ 0.03333333 -0.06863992  0.16422963 -0.58868312  5.16666667]]
Matrix N :
 [[ 5.16666667 -5.75534979  0.75291275 -0.23286955  0.10197326 -0.03333333]
 [-5.75534979  9.12668826 -3.98085224  0.83085224 -0.32331174  0.10197326]
 [ 0.75291275 -3.98085224  6.0399784  -3.4100216   0.83085224 -0.23286955]
 [-0.23286955  0.83085224 -3.4100216   6.0399784  -3.98085224  0.75291275]
 [ 0.10197326 -0.32331174  0.83085224 -3.98085224  9.12668826 -5.75534979]
 [-0.03333333  0.10197326 -0.23286955  0.75291275 -5.75534979  5.16666667]]
Matrix M_0 :
 [[ 0.06060606  0.01444043 -0.01748448  0.01748448 -0.01444043  0.00606061]
 [ 0.01444043  0.34406814  0.04165978 -0.04165978  0.03440681 -0.01444043]
 [-0.01748448  0.04165978  0.50441671  0.05044167 -0.04165978  0.01748448]
 [ 0.01748448 -0.04165978  0.05044167  0.50441671  0.04165978 -0.01748448]
 [-0.01444043  0.03440681 -0.04165978  0.04165978  0.34406814  0.01444043]
 [ 0.00606061 -0.01444043  0.01748448 -0.01748448  0.01444043  0.06060606]]
Function at nodal pts :
 [ -9.66942355e-15  -3.93019172e+01   3.85150812e+01  -3.85150812e+01
   3.93019172e+01   9.66942355e-15]
RHS :  [ -2.48190597  -8.96122431  14.21026702 -14.21026702   8.96122431
   2.48190597]
The coefficient matrix is :
 [  2.42754816  21.94564219  21.94564219   2.42754816   3.87326607
  40.35517204]
Lagrange basis :
 [[ 1.          0.72690003  0.50335826  0.3233603   0.18134333  0.07218
  -0.00883773 -0.0660147  -0.10326866 -0.12414643 -0.13184    -0.12920269
  -0.11876526 -0.10275202 -0.08309699 -0.06146    -0.03924285 -0.01760542
   0.00251822  0.02040365  0.03552     0.04751379  0.05619282  0.06151006
   0.06354749  0.0625      0.05865923  0.05239746  0.0441515   0.03440653
   0.02368     0.01250547  0.0014165  -0.00906946 -0.01846723 -0.02634
  -0.03231549 -0.03610206 -0.03750482 -0.03644179 -0.03296    -0.02725165
  -0.01967022 -0.01074658 -0.00120515  0.00802     0.01576899  0.02064002
   0.02097326  0.01483469 -0.        ]
 [ 0.          0.35537551  0.61923391  0.80434671  0.92245459  0.98430583
   0.99969473  0.97750003  0.92572335  0.85152762  0.7612755   0.6605678
   0.55428194  0.44661032  0.34109882  0.24068517  0.14773739  0.06409225
  -0.00890634 -0.07036889 -0.11982189 -0.15716941 -0.18265465 -0.1968215
  -0.20047615 -0.19464864 -0.18055443 -0.15955596 -0.13312428 -0.10280054
  -0.07015763 -0.03676172 -0.00413382  0.02628861  0.05319011  0.07541565
   0.09200904  0.1022514   0.10569953  0.10222437  0.09204944  0.07578923
   0.05448767  0.02965652  0.00331383 -0.02197766 -0.04307207 -0.05620198
  -0.05693997 -0.0401602   0.        ]
 [-0.         -0.12431301 -0.18301578 -0.18821607 -0.15088515 -0.0809043
   0.01288864  0.12265276  0.24149756  0.36343638  0.4833399   0.59688963
   0.70053135  0.79142858  0.86741609  0.92695332  0.96907791  0.99335911
   0.99985128  0.9890474   0.96183246  0.91943701  0.86339058  0.79547518
   0.71767874  0.63214864  0.54114512  0.44699477  0.35204403  0.25861263
   0.16894706  0.08517408  0.00925415 -0.05706509 -0.11229533 -0.15525414
  -0.18511147 -0.20143622 -0.20424273 -0.19403732 -0.17186483 -0.13935514
  -0.0987697  -0.05304803 -0.00585432  0.03837613  0.07439031  0.09607103
   0.09639032  0.06736298 -0.        ]
 [ 0.          0.06736298  0.09639032  0.09607103  0.07439031  0.03837613
  -0.00585432 -0.05304803 -0.0987697  -0.13935514 -0.17186483 -0.19403732
  -0.20424273 -0.20143622 -0.18511147 -0.15525414 -0.11229533 -0.05706509
   0.00925415  0.08517408  0.16894706  0.25861263  0.35204403  0.44699477
   0.54114512  0.63214864  0.71767874  0.79547518  0.86339058  0.91943701
   0.96183246  0.9890474   0.99985128  0.99335911  0.96907791  0.92695332
   0.86741609  0.79142858  0.70053135  0.59688963  0.4833399   0.36343638
   0.24149756  0.12265276  0.01288864 -0.0809043  -0.15088515 -0.18821607
  -0.18301578 -0.12431301  0.        ]
 [-0.         -0.0401602  -0.05693997 -0.05620198 -0.04307207 -0.02197766
   0.00331383  0.02965652  0.05448767  0.07578923  0.09204944  0.10222437
   0.10569953  0.1022514   0.09200904  0.07541565  0.05319011  0.02628861
  -0.00413382 -0.03676172 -0.07015763 -0.10280054 -0.13312428 -0.15955596
  -0.18055443 -0.19464864 -0.20047615 -0.1968215  -0.18265465 -0.15716941
  -0.11982189 -0.07036889 -0.00890634  0.06409225  0.14773739  0.24068517
   0.34109882  0.44661032  0.55428194  0.6605678   0.7612755   0.85152762
   0.92572335  0.97750003  0.99969473  0.98430583  0.92245459  0.80434671
   0.61923391  0.35537551 -0.        ]
 [ 0.          0.01483469  0.02097326  0.02064002  0.01576899  0.00802
  -0.00120515 -0.01074658 -0.01967022 -0.02725165 -0.03296    -0.03644179
  -0.03750482 -0.03610206 -0.03231549 -0.02634    -0.01846723 -0.00906946
   0.0014165   0.01250547  0.02368     0.03440653  0.0441515   0.05239746
   0.05865923  0.0625      0.06354749  0.06151006  0.05619282  0.04751379
   0.03552     0.02040365  0.00251822 -0.01760542 -0.03924285 -0.06146
  -0.08309699 -0.10275202 -0.11876526 -0.12920269 -0.13184    -0.12414643
  -0.10326866 -0.0660147  -0.00883773  0.07218     0.18134333  0.3233603
   0.50335826  0.72690003  1.        ]]
Value of FEM solution :
 [  2.42754816   6.84337553  10.80846193  14.32188702  17.38656297
  20.00898167  22.1989619   23.96939656  25.33599978  26.31705418
  26.933158    27.20697232  27.16296823  26.827174    26.2269223
  25.39059736  24.34738216  23.12700563  21.75948981  20.27489704
  18.70307717  17.07341472  15.41457606  13.75425663  12.11892809
  10.53358551   9.02149457   7.60393875   6.29996648   5.12613836
   4.09627435   3.22120089   2.50849819   1.96224731   1.58277743
   1.36641298   1.30522083   1.38675752   1.5938164    1.90417481
   2.29034131   2.71930283   3.15227186   3.54443363   3.84469333
   3.99542325   3.93220998   3.58360161   2.87085491   1.70768248   0.        ]
[Finished in 6.571s]
